老鼠走迷宮 
有一隻老鼠要走迷宮，給予一個n x n的迷宮，橫向以空格隔開，'1'代表牆壁，'0'代表可以走的路， 
起點為(1,1)的位置，每次遇到兩個(分支)以上可以走的方向， 
則依序以下、上、左、右判斷走的方向， 
如果遇到死路要將走過的路輸出 '*'，直到走到n -2, n-2的終點為止，並將正確的路輸出'#'。 
輸入說明: 
輸入n，代表n x n的迷宮 
接續輸入整個迷宮(橫向以空格隔開) 
輸出說明: 
將正確的路輸出'#'，走過的路卻是死路則輸出'*' 

範例輸入: 
11 
1 1 1 1 1 1 1 1 1 1 1 
1 0 0 0 0 0 0 0 0 0 1 
1 0 1 1 0 1 1 0 1 0 1 
1 0 1 1 0 1 1 0 1 0 1 
1 0 1 1 0 1 1 0 1 0 1 
1 0 0 0 0 1 1 0 1 0 1 
1 0 1 1 0 1 0 0 1 0 1 
1 0 1 1 0 1 1 1 1 0 1 
1 0 1 1 0 1 1 1 1 0 1 
1 0 1 1 0 1 1 1 1 0 1 
1 1 1 1 1 1 1 1 1 1 1 

範例輸出 
1 1 1 1 1 1 1 1 1 1 1 
1 # * * # # # # # # 1 
1 # 1 1 # 1 1 * 1 # 1 
1 # 1 1 # 1 1 * 1 # 1 
1 # 1 1 # 1 1 * 1 # 1 
1 # # # # 1 1 * 1 # 1 
1 * 1 1 * 1 * * 1 # 1 
1 * 1 1 * 1 1 1 1 # 1 
1 * 1 1 * 1 1 1 1 # 1 
1 * 1 1 * 1 1 1 1 # 1 
1 1 1 1 1 1 1 1 1 1 1 

11
1 1 1 1 1 1 1 1 1 1 1
1 0 0 0 0 0 0 0 0 0 1
1 0 1 1 0 1 1 0 1 0 1
1 0 1 1 0 1 1 0 1 0 1
1 0 1 1 0 1 1 0 1 0 1
1 0 0 0 0 1 1 0 1 0 1
1 0 1 1 0 1 0 0 1 0 1
1 0 1 1 0 1 1 1 1 0 1
1 0 1 1 0 1 1 1 1 0 1
1 0 0 0 0 0 0 0 0 0 1
1 1 1 1 1 1 1 1 1 1 1
1 1 1 1 1 1 1 1 1 1 1
1 # * * # # # # # # 1
1 # 1 1 # 1 1 * 1 # 1
1 # 1 1 # 1 1 * 1 # 1
1 # 1 1 # 1 1 * 1 # 1
1 # 0 0 # 1 1 * 1 # 1
1 # 1 1 # 1 * * 1 # 1
1 # 1 1 # 1 1 1 1 # 1
1 # 1 1 # 1 1 1 1 # 1
1 # # # # 0 0 0 0 # 1
1 1 1 1 1 1 1 1 1 1 1